100 Backstroke,1,99.3,3,41.7,5,289.5,7,55.3,8,26.7
200 Backstroke,2,50.1,3,290.1,8,88.4
100 Breaststroke,1,77.2,3,13.3,5,99,7,44.4,8,71.3
200 Breaststroke,2,500,3,400,6,401,7,399,9,450
100 Butterfly,6,1000
200 Butterfly,2,69.4,3,49.6,5,55.5,9,200
50 Freestyle,1,400,4,33.9,6,87.6,7,123.4,9,44.89
400 Individual Medley,2,900,4,777,6,666,8,700,10,100
100 Freestyle,2,900,4,900,5,800,9,799,10,400,12,300,15,500,16,2,20,55,21,1000,22,60
100 Freestyle,2,900,4,900,5,800,9,799,10,400,12,300,15,500,16,2,20,55,21,1000,22,60
100 Freestyle,2,900,4,900,5,800,9,799,10,400,12,300,15,500,16,2,20,55,21,1000,22,60
100 Freestyle,2,900,4,900,5,800,9,799,10,400,12,300,15,500,16,2,20,55,21,1000,22,60
100 Freestyle,2,900,4,900,5,800,9,799,10,400,12,300,15,500,16,2,20,55,21,1000,22,60
100 Freestyle,2,900,4,900,5,800,9,799,10,400,12,300,15,500,16,2,20,55,21,1000,22,60
100 Freestyle,2,900,4,900,5,800,9,799,10,400,12,300,15,500,16,2,20,55,21,1000,22,60
100 Freestyle,2,900,4,900,5,800,9,799,10,400,12,300,15,500,16,2,20,55,21,1000,22,60
100 Freestyle,2,900,4,900,5,800,9,799,10,400,12,300,15,500,16,2,20,55,21,1000,22,60
